run:
Length of Square Containg Robot and Tripod Point: 10

Width of Square Containing Robot and Tripod Point: : 10

X-Position of Obstacle 1: 70

Y-Position of Obstacle 1: 5

X-Position of Obstacle 2: 120

Y-Position of Obstacle 2: 70

X-Position of Tripod Destination: 130

Y-Position of Tripod Destination: 70

Maximum Length of Tripod (from center of robot to opposite end of Tripod): 10




Solutions:
((55.812368795369814, 5.358863557103577), 41.06627521782699), 	((56.812368795369814, 5.358863557103577), 41.451742784089554), 	((56.812368795369814, 6.358863557103577), 41.00896119194221), 	((57.812368795369814, 5.358863557103577), 41.84317345054624), 	((57.812368795369814, 6.358863557103577), 41.399633182507465), 	((57.812368795369814, 7.358863557103577), 40.94995517563059), 	((58.812368795369814, 5.358863557103577), 42.240669269458856), 	((58.812368795369814, 6.358863557103577), 41.79644307805493), 	((58.812368795369814, 7.358863557103577), 41.34597231441645), 	((58.812368795369814, 8.358863557103577), 40.889181252383324), 	((59.812368795369814, 5.358863557103577), 42.64433314419807), 	((59.812368795369814, 6.358863557103577), 42.19949769869164), 	((59.812368795369814, 7.358863557103577), 41.748309930426046), 	((59.812368795369814, 8.358863557103577), 41.290689961480766), 	((59.812368795369814, 9.358863557103577), 40.826558903309255), 	((60.812368795369814, 5.358863557103577), 43.05426874658969), 	((60.812368795369814, 6.358863557103577), 42.60890478022505), 	((60.812368795369814, 7.358863557103577), 42.15707991175137), 	((60.812368795369814, 8.358863557103577), 41.69870995249677), 	((60.812368795369814, 9.358863557103577), 41.23371160875365), 	((61.812368795369814, 5.358863557103577), 43.47058042591986), 	((61.812368795369814, 6.358863557103577), 43.02477288577102), 	((61.812368795369814, 7.358863557103577), 42.57239513274211), 	((61.812368795369814, 8.358863557103577), 42.11335850552396), 	((61.812368795369814, 9.358863557103577), 41.647575133418954), 	((61.812368795369814, 10.358863557103577), 41.174958111440816), 	((62.812368795369814, 5.358863557103577), 43.89337310910304), 	((62.812368795369814, 6.358863557103577), 43.447211308257685), 	((62.812368795369814, 7.358863557103577), 42.99436935939739), 	((62.812368795369814, 8.358863557103577), 42.53475396408766), 	((62.812368795369814, 9.358863557103577), 42.06827249959477), 	((62.812368795369814, 10.358863557103577), 41.5948331968888), 	((62.812368795369814, 11.358863557103577), 41.11434533021007), 	((60.04198769848297, 9.40714540396716), 40.8968758086185), 	((63.812368795369814, 5.358863557103577), 44.322752191503426), 	((63.812368795369814, 6.358863557103577), 43.87632996327362), 	((63.812368795369814, 7.358863557103577), 43.423117144807996), 	((63.812368795369814, 8.358863557103577), 42.963015633797234), 	((63.812368795369814, 9.358863557103577), 42.49592787753084), 	((63.812368795369814, 10.358863557103577), 42.0217570534282), 	((63.812368795369814, 11.358863557103577), 41.54040726183991), 	((63.812368795369814, 12.358863557103577), 41.05178373153426), 	((61.04198769848297, 9.40714540396716), 41.305514593102124), 	((64.8123687953698, 5.358863557103577), 44.75882341788837), 	((61.04198769848297, 10.40714540396716), 40.83326234674395), 	((64.8123687953698, 6.358863557103577), 44.31223927169312), 	((64.8123687953698, 7.358863557103577), 43.85875371403466), 	((64.8123687953698, 8.358863557103577), 43.3982636701098), 	((64.8123687953698, 9.358863557103577), 42.93066647677258), 	((64.8123687953698, 10.358863557103577), 42.45586006515948), 	((64.8123687953698, 11.358863557103577), 41.97374315631035), 	((64.8123687953698, 12.358863557103577), 41.48421547026561), 	((64.8123687953698, 13.358863557103577), 40.987177949098964), 	BUILD SUCCESSFUL (total time: 38 seconds)
